140,84,246,87,245,109,139,105
824,86,852,86,852,108,824,108
102,88,138,88,138,108,102,108
50,92,100,92,100,112,50,112
34,98,44,98,44,116,34,116
16,98,32,98,32,118,16,118
190,148,264,148,264,172,190,172
268,148,292,148,292,170,268,170
152,150,188,150,188,170,152,170
294,150,328,150,328,170,294,170
332,148,383,152,381,173,330,169
812,150,856,150,856,170,812,170
128,152,148,152,148,170,128,170
386,152,422,152,422,172,386,172
695,156,807,151,808,171,696,177
15,163,95,148,100,172,19,187
100,154,124,154,124,172,100,172
425,156,515,153,516,179,426,181
536,153,632,158,631,182,534,177
636,154,690,154,690,176,636,176
520,160,532,160,532,174,520,174
78,182,149,179,150,201,80,205
182,180,216,180,216,200,182,200
220,180,262,180,262,200,220,200
306,180,334,180,334,200,306,200
154,182,178,182,178,200,154,200
784,182,832,182,832,202,784,202
834,182,856,182,856,200,834,200
266,184,302,184,302,200,266,200
338,183,390,185,389,204,337,201
394,184,452,184,452,208,394,208
456,184,542,184,542,206,456,206
546,184,574,184,574,212,546,212
696,188,781,181,783,205,698,211
575,189,695,183,696,204,576,210
58,188,78,188,78,206,58,206
20,190,58,190,58,210,20,210
162,210,204,210,204,232,162,232
206,210,264,210,264,230,206,230
89,214,157,210,159,232,90,235
265,214,367,211,368,234,266,237
394,212,438,212,438,234,394,234
759,213,851,210,852,231,760,234
370,214,392,214,392,232,370,232
440,214,512,214,512,234,440,234
598,213,692,218,691,242,596,237
696,214,758,214,758,234,696,234
52,216,86,216,86,238,52,238
514,216,538,216,538,234,514,234
540,218,596,218,596,240,540,240
20,222,50,222,50,242,20,242
184,254,306,254,306,276,184,276
816,254,858,254,858,274,816,274
311,258,413,255,414,280,312,283
468,256,524,256,524,278,468,278
633,261,769,253,770,275,634,284
70,260,175,254,177,279,72,286
420,258,462,258,462,278,420,278
776,258,810,258,810,276,776,276
529,261,627,261,627,277,529,277
22,264,68,264,68,286,22,286
803,285,859,282,860,303,804,306
84,294,199,282,201,306,86,318
202,286,234,286,234,306,202,306
236,286,272,286,272,306,236,306
275,280,363,288,361,313,272,305
364,285,456,288,455,315,363,312
700,286,746,286,746,306,700,306
458,288,498,288,498,308,458,308
576,288,598,288,598,308,576,308
600,288,650,288,650,308,600,308
752,288,800,288,800,306,752,306
500,289,574,292,573,314,499,311
652,290,696,290,696,308,652,308
22,292,82,292,82,316,22,316
160,316,246,316,246,338,160,338
248,316,306,316,306,338,248,338
308,318,401,314,402,337,310,342
54,322,99,319,101,341,56,344
102,320,130,320,130,346,102,346
132,322,158,322,158,340,132,340
20,326,56,326,56,346,20,346
298,392,412,392,412,414,298,414
418,392,450,392,450,414,418,414
504,392,586,392,586,414,504,414
454,394,498,394,498,414,454,414
718,448,740,448,740,468,718,468
558,450,658,453,657,475,557,471
664,452,716,452,716,470,664,470
102,454,158,454,158,476,102,476
159,454,285,454,285,474,159,474
290,454,324,454,324,472,290,472
328,452,414,454,413,474,327,471
418,454,484,454,484,472,418,472
484,454,556,454,556,474,484,474
686,478,761,473,762,494,688,498
634,478,684,478,684,498,634,498
158,482,225,478,226,500,160,504
252,480,360,480,360,504,252,504
408,480,510,480,510,500,408,500
512,480,590,480,590,502,512,502
592,480,616,480,616,500,592,500
102,482,156,482,156,502,102,502
228,482,248,482,248,500,228,500
362,482,406,482,406,500,362,500
620,484,632,484,632,498,620,498
338,508,410,508,410,530,338,530
412,508,464,508,464,528,412,528
102,510,172,510,172,534,102,534
174,510,194,510,194,528,174,528
196,510,292,510,292,528,196,528
296,510,334,510,334,528,296,528
466,510,566,510,566,528,466,528
630,544,684,544,684,564,630,564
686,544,738,544,738,564,686,564
566,546,628,546,628,566,566,566
540,548,566,548,566,566,540,566
287,551,393,548,394,569,288,572
395,552,501,547,502,568,396,572
504,550,538,550,538,568,504,568
106,554,118,554,118,572,106,572
122,552,174,552,174,572,122,572
176,552,286,552,286,570,176,570
578,574,653,569,655,591,580,596
700,572,724,572,724,590,700,590
528,574,578,574,578,594,528,594
656,574,698,574,698,592,656,592
395,577,483,574,484,593,396,597
486,576,510,576,510,598,486,598
232,578,270,578,270,598,232,598
272,578,292,578,292,598,272,598
294,578,326,578,326,598,294,598
330,578,394,578,394,596,330,596
514,580,526,580,526,594,514,594
104,580,230,580,230,600,104,600
103,608,195,606,196,627,104,630
666,638,766,638,766,660,666,660
562,640,638,640,638,660,562,660
640,640,664,640,664,660,640,660
534,642,560,642,560,660,534,660
382,644,402,644,402,664,382,664
403,646,495,642,496,662,404,665
498,644,532,644,532,662,498,662
264,646,380,646,380,666,264,666
143,649,237,646,238,669,144,672
242,648,262,648,262,666,242,666
106,650,142,650,142,670,106,670
439,672,517,667,519,689,440,693
562,668,616,668,616,686,562,686
520,670,544,670,544,690,520,690
548,672,560,672,560,688,548,688
303,673,437,669,438,690,304,695
198,676,302,676,302,698,198,698
106,678,146,678,146,698,106,698
148,680,196,680,196,700,148,700
704,704,754,704,754,724,704,724
632,706,664,706,664,726,632,726
666,706,686,706,686,726,666,726
568,708,602,708,602,726,568,726
606,708,630,708,630,726,606,726
690,710,700,710,700,724,690,724
416,710,452,710,452,730,416,730
454,710,474,710,474,728,454,728
475,711,565,708,566,727,476,731
348,712,370,712,370,732,348,732
372,712,414,712,414,732,372,732
269,716,345,712,346,733,270,737
144,721,269,713,271,737,146,745
108,720,144,720,144,740,108,740
594,734,671,729,673,751,596,756
678,732,718,732,718,752,678,752
544,734,594,734,594,754,544,754
720,734,756,734,756,752,720,752
448,734,542,738,541,759,447,756
340,740,404,740,404,760,340,760
406,740,430,740,430,762,406,762
434,742,446,742,446,758,434,758
286,742,336,742,336,762,286,762
215,747,283,743,284,763,216,767
107,750,213,746,214,765,108,769
559,763,643,761,644,779,560,782
454,764,558,764,558,786,454,786
359,767,451,764,452,787,360,791
320,770,356,770,356,790,320,790
268,772,316,772,316,794,268,794
106,774,194,774,194,796,106,796
196,774,268,774,268,794,196,794
202,982,266,982,266,1002,202,1002
